sin(8)=0.13917310096006544
exp(0.139173100960065449)=1.1493230317056877
exp(2)=7.38905609893065
sin(6)=0.10452846326765347
sin(66)=0.9135454576426009
sqrt(2)=1.4142135623730951
cos(9)=0.9876883405951378
sin(9)=0.15643446504023087
exp(9)=8103.083927575384
9+6=15
5+3=8
sin(6)=0.10452846326765347
cos(9)=0.9876883405951378
sin(9)=0.4121184852417566
cos(8)=-0.14550003380861354
cos(8)+9=8.854499966191387
sin(9)*8=3.2969478819340527
